58
86
29
0
97
26
2
90
12
17
12
55
47
77
45
5
91
30
33
10
1
68
67
88
24
19
63
62
54
50
74
5
8
46
56
22
2
8
94
63
13
70
86
4
96
88
9
85
48
87
65
86
80
0
22
29
17
0
97
0
83
48
50
94
93
0
39
0
35
82
0
33
0
41
0
2
0
37
92
77
32
0
13
26
49
14
0
60
43
0
19
52
0
86
0
51
0
14
74
0
93
84
75
53
52
0
46
0
74
93
8
69
4
0
51
20
71
0
44
87
22
0
14
86
0
30
93
0
92
0
13
32
11
37
22
87
6
95
0
46
8
47
53
0
8
0
20
67
0
6
0
76
39
0
91
94
4
31
0
17
36
41
68
74
76
43
39
76
70
10
49
79
13
66
75
19
0
70
0
68
81
71
43
15
39
3
20
74
84
0
87
51
6
0
19
32
0
94
0
56
28
39
96
0
31
29
77
72
0
57
0
40
0
90
84
3
43
0
33
32
0
33
20
0
4
55
7
90
0
75
72
0
45
55
34
0
7
0
61
43
0
91
48
96
0
92
0
88
42
66
56
48
0
83
13
91
98
0
39
0
88
0
50
59
11
18
27
57
0
37
22
95
99
93
0
67
62
0
9
55
63
7
0
13
88
0
48
96
86
0
65
91
0
48
87
15
0
46
79
17
85
0
43
96
37
1
12
0
24
1
0
73
76
0
5
3
71
47
8
46
39
88
80
0
12
71
0
19
80
0
48
0
17
26
0
21
40
85
0
50
9
0
10
70
0
72
0
72
0
4
0
14
0
5
97
88
14
0
44
69
19
74
47
64
0
57
73
0
82
83
48
0
68
41
61
62
0
53
6
0
34
93
0
55
24
28
90
78
60
79
4
0
38
12
24
51
83
94
0
58
0
21
40
0
62
92
82
52
38
15
54
46
0
2
84
91
0
27
19
95
6
56
0
81
0
3
50
39
0
15
52
65
28
72
95
0
5
0
34
63
49
0
5
0
2
17
0
95
25
39
25
39
98
41
0
41
78
54
0
27
78
47
68
46
94
84
82
0
53
0
42
26
83
82
0
47
0
65
0
12
21
0
46
47
0
10
44
28
4
45
57
0
8
90
44
38
0
65
50
35
0
84
71
0
22
18
33
20
50
0
85
18
86
90
84
81
0
49
32
0
3
19
42
0
70
74
91
28
77
42
72
0
41
67
79
62
0
70
55
6
0
94
61
0
79
0
5
52
0
84
50
51
54
90
0
16
17
0
27
53
99
84
63
9
0
53
27
80
78
21
0
22
0
69
0
8
85
0
99
70
9
23
11
0
34
80
77
4
73
32
0
90
7
99
0
47
0
20
15
83
34
43
30
64
0
49
52
61
0
54
26
32
0
32
99
0
79
0
71
97
0
9
8
29
0
75
55
72
8
48
15
0
58
41
7
61
97
99
39
79
66
0
33
28
45
0
66
3
36
25
0
10
55
0
62
0
23
29
0
57
0
28
0
90
48
54
14
0
13
83
0
45
99
0
56
0
99
0
15
47
29
38
76
20
73
0
91
31
53
20
1
30
0
49
3
44
76
84
67
5
16
43
97
39
52
11
0
55
76
48
87
93
58
29
77
14
8
3
79
0
89
0
66
26
74
0
31
82
33
0
63
0
68
0
13
36
0
61
37
85
0
86
0
93
26
22
13
0
65
12
26
49
17
0
16
56
90
26
13
71
86
29
35
12
0
91
0
42
28
0
3
0
98
88
46
38
61
52
0
28
30
92
23
39
99
8
90
86
6
57
46
44
0
69
6
10
93
59
0
30
0
19
89
74
76
17
55
82
2
69
0
42
99
52
0
3
61
39
49
0
22
44
50
63
0
86
9
17
0
25
0
44
80
41
0
86
44
30
98
33
0
96
0
45
76
16
0
24
58
74
30
64
14
10
0
71
52
0
41
0
99
39
0
17
0
32
0
42
15
67
57
1
58
49
43
0
34
19
0
84
0
83
23
0
68
39
0
94
0
79
5
25
0
93
33
8
0
84
9
56
0
2
91
24
0
21
64
57
0
75
14
70
71
80
0
17
95
91
0
16
33
0
70
0
67
0
19
0
31
98
3
47
66
39
77
13
56
2
72
18
58
95
75
47
0
33
4
68
0
13
43
0
4
85
0
8
97
30
31
0
45
3
81
74
53
83
0
22
54
0
88
84
48
0
60
57
28
98
18
50
86
42
64
0
85
91
0
92
96
0
57
60
0
6
0
55
33
4
0
21
39
0
89
20
52
0
27
19
0
24
93
0
15
83
0
97
20
0
88
36
37
47
21
38
0
17
0
83
2
49
0
1
70
0
36
1
21
68
55
76
86
11
64
62
77
38
91
28
51
0
20
0
29
12
23
47
46
45
28
12
96
14
0
75
0
28
0
21
44
27
63
0
71
0
30
41
74
0
23
0
31
0
78
93
0
33
6
95
66
36
72
48
40
55
35
56
52
0
27
90
80
0
69
0
12
0
41
45
0
71
4
0
8
0
52
0
60
9
15
56
35
85
0
69
24
92
0
56
0
56
47
0
10
0
33
65
0
41
21
36
90
42
73
41
0
71
58
0
63
14
0
51
0
68
8
0
36
0
81
5
57
0
25
0
53
67
0
92
21
0
7
0
24
0
45
27
0
72
0
94
53
1
0
83
58
89
20
0
91
0
39
0
63
22
0
15
81
6
41
0
15
27
98
53
77
14
73
28
0
1
9
25
2
47
46
55
0
83
0
82
22
73
0
69
49
0
47
0
89
52
35
16
83
0
54
49
40
0
33
0
7
0
13
0
17
0
71
87
68
0
37
25
0
23
64
0
40
19
56
88
0
47
0
20
0
46
0
60
4
0
74
0
16
30
97
90
56
32
50
0
29
86
94
0
76
93
0
12
93
88
0
77
0
86
19
0
70
0
50
57
4
0
75
1
0
86
0
27
60
0
63
60
0
89
33
7
39
25
17
76
20
0
59
11
38
58
6
28
51
0
94
0
7
79
15
0
2
8
0
64
3
20
3
0
11
0
9
72
78
9
58
9
58
0
4
0
12
0
76
0
35
95
92
61
0
74
19
57
0
50
0
11
55
0
85
0
88
22
0
34
14
71
25
17
55
46
51
0
36
0
98
81
12
0
48
44
18
0
23
6
71
0
91
60
28
13
98
0
20
0
89
75
74
0
37
0
32
17
79
56
23
13
54
11
0
48
60
2
0
46
0
4
0
22
64
31
40
0
7
53
66
25
16
0
59
0
49
84
97
0
70
50
49
28
0
97
34
35
88
46
0
49
0
59
24
57
61
69
87
0
30
10
33
24
45
0
35
93
45
13
6
0
80
13
34
0
92
18
1
29
0
70
13
72
54
7
62
0
31
97
26
40
76
80
16
81
8
56
0
4
90
0
8
38
80
0
75
12
22
0
70
11
33
0
74
81
90
60
13
80
0
96
0
91
77
92
90
0
52
92
0
84
0
8
92
49
78
57
39
0
25
83
0
56
63
1
67
0
96
1
70
84
65
0
63
0
47
26
0
65
0
88
0
6
61
77
18
10
49
0
23
87
99
20
0
92
42
0
61
9
18
20
0
60
0
75
18
27
0
80
0
41
0
1
55
0
59
38
88
67
0
25
0
95
0
52
26
0
39
0
8
0
95
55
51
70
8
0
85
0
28
0
20
0
42
0
92
21
0
9
58
54
0
15
0
57
0
9
11
0
73
3
0
48
61
0
53
0
47
49
4
0
51
55
80
37
90
94
0
67
0
27
48
21
3
0
68
0
31
39
77
0
96
29
24
91
0
76
0
48
0
45
85
44
0
26
7
0
44
76
0
77
60
80
0
32
0
65
36
0
72
69
71
42
78
87
0
1
0
30
12
96
30
0
97
0
68
23
76
81
89
0
71
91
0
27
0
29
62
7
0
76
34
0
79
23
13
16
17
24
96
0
20
96
16
0
3
0
83
0
64
0
55
33
7
71
28
44
60
45
31
45
0
76
0
78
0
17
68
0
94
54
0
76
99
87
0
77
0
12
52
98
28
0
40
58
0
71
0
63
84
0
13
2
0
17
0
53
0
42
0
40
0
79
0
88
21
70
12
0
35
17
47
0
74
3
0
61
0
38
88
44
29
64
0
75
15
0
3
0
79
0
96
3
10
18
23
0
47
86
99
82
13
50
0
88
0
21
27
0
39
0
62
8
56
0
25
0
22
38
10
86
14
21
72
76
0
15
0
46
70
75
0
93
92
42
50
0
32
0
82
80
24
48
57
55
0
10
16
69
0
94
78
6
15
39
0
10
24
9
53
0
67
65
4
0
17
92
30
66
13
97
74
0
20
77
0
99
5
0
98
31
0
59
14
30
52
0
30
44
31
0
80
83
92
0
5
45
72
34
0
50
0
90
60
28
0
24
0
8
0
2
0
3
14
61
74
91
0
17
0
37
0
69
0
1
66
7
24
11
42
0
49
59
97
84
30
0
83
49
0
96
69
30
26
34
64
54
80
85
74
40
44
89
57
77
66
0
90
0
73
1
4
57
47
0
28
51
0
71
83
0
91
0
51
0
37
68
49
0
72
41
0
8
4
96
81
33
0
19
0
29
0
67
60
2
20
0
4
42
0
14
18
1
6
0
31
49
0
45
87
11
8
0
74
87
85
31
67
0
26
95
0
70
49
34
68
48
0
44
91
76
41
17
0
62
92
0
30
0
74
56
0
65
80
50
58
0
33
54
0
88
0
5
49
42
92
8
0
34
46
0
46
0
16
0
8
0
90
0
57
0
1
0
73
87
0
65
32
0
4
0
71
69
93
32
28
99
0
14
64
0
26
78
65
10
0
96
13
0
9
0
39
0
2
93
63
0
73
39
8
0
47
0
57
3
59
12
99
98
68
31
97
42
0
61
69
51
18
8
39
48
0
87
98
87
0
73
0
1
90
0
60
27
97
0
18
30
74
0
52
47
0
90
0
72
0
12
25
7
23
9
0
79
0
13
76
77
72
0
72
0
8
0
83
0
12
0
39
16
44
0
29
89
60
26
3
0
17
40
48
94
0
94
0
61
27
67
92
0
65
45
32
82
0
95
75
53
35
64
5
74
49
66
43
50
72
61
32
0
32
72
59
91
0
27
31
14
37
81
0
79
11
49
0
94
0
23
95
0
57
43
27
0
82
67
56
12
0
94
18
56
73
15
99
0
3
16
13
88
73
0
77
0
36
0
56
44
0
10
77
23
36
0
26
2
0
84
42
5
64
47
62
0
27
0
89
7
0
70
0
82
98
0
88
49
0
43
0
61
0
92
34
0
38
42
28
58
0
81
39
0
38
66
24
0
87
0
12
50
11
0
25
26
29
1
75
78
0
14
0
40
0
24
56
42
0
43
86
0
69
86
0
12
97
23
0
48
95
97
5
45
0
78
50
83
52
0
6
0
24
13
61
0
84
48
54
0
50
90
0
1
72
29
57
27
12
54
21
58
0
2
17
0
66
75
98
0
25
54
37
36
0
86
0
85
0
27
80
94
88
11
92
48
10
35
0
34
44
0
17
0
22
10
68
20
5
13
57
0
69
47
64
0
61
0
13
39
97
84
5
26
5
0
38
35
28
9
0
39
15
9
14
0
72
54
0
66
32
40
77
0
50
0
22
27
98
6
0
70
44
0
27
56
78
0
18
0
22
0
62
0
8
0
16
98
17
77
59
49
0
84
49
82
28
0
95
14
0
24
0
32
4
0
70
83
80
72
77
0
94
8
18
0
34
51
0
23
87
0
63
0
81
98
0
5
96
0
9
36
0
76
50
0
20
41
66
0
72
85
0
53
82
22
0
3
67
53
54
56
97
0
51
7
0
87
24
54
74
0
96
0
88
0
51
19
59
8
0
8
33
90
54
92
7
73
0
3
23
0
10
58
75
34
73
0
72
74
98
0
62
46
83
47
66
19
0
18
77
8
0
60
3
0
4
46
0
37
84
10
0
43
71
76
0
98
74
29
80
73
70
0
47
0
84
82
45
2
0
9
0
97
7
70
0
20
78
69
42
74
18
89
0
7
59
0
59
0
56
0
50
25
9
70
0
21
75
0
92
55
93
34
0
39
35
0
78
0
65
0
25
0
76
0
64
86
1
71
8
5
31
0
40
82
58
77
3
59
0
78
57
56
95
0
90
21
45
13
0
99
19
25
65
58
0
92
0
58
0
94
96
77
0
66
64
0
34
62
79
0
90
25
83
57
0
82
20
0
72
58
98
39
0
39
0
70
93
12
0
92
54
86
0
54
0
31
44
14
6
0
71
0
23
10
9
0
61
74
18
0
9
75
48
0
12
0
28
0
86
76
0
23
0
16
0
83
5
0
95
26
88
0
56
0
19
82
89
19
0
78
14
3
31
4
0
99
74
2
61
48
0
82
97
74
97
0
29
1
0
48
0
87
38
0
18
0
34
54
17
98
0
65
68
0
5
7
60
48
0
81
10
83
0
68
0
49
60
55
44
92
0
82
0
41
0
81
41
0
29
57
0
58
67
1
0
35
0
78
70
42
0
61
83
19
9
29
0
67
29
26
76
42
81
91
0
10
40
65
0
13
60
90
49
72
0
64
0
83
71
6
0
25
0
21
31
0
54
0
69
0
34
0
35
0
82
87
19
0
21
0
63
46
63
0
22
0
18
0
3
46
60
5
0
31
0
84
73
94
99
45
17
94
0
54
84
15
77
64
60
76
45
82
68
5
0
41
36
31
0
66
17
40
0
53
0
73
16
0
90
0
47
0
7
30
9
0
13
0
81
4
5
0
34
29
0
84
0
11
47
79
70
71
0
49
99
81
0
31
78
42
38
21
74
71
0
46
18
76
88
0
36
15
10
75
19
61
9
67
0
28
53
1
83
6
51
11
72
0
53
25
72
60
14
0
16
0
89
37
0
79
15
22
2
65
0
19
16
0
89
3
14
62
56
11
0
45
81
33
0
79
34
0
19
97
0
70
0
54
17
87
52
98
0
30
68
78
68
85
38
68
0
34
88
30
13
90
23
0
47
43
44
76
23
8
0
30
10
54
2
13
0
33
95
73
81
31
10
5
27
0
95
0
97
78
75
27
53
37
0
98
0
98
97
30
39
90
93
74
84
26
0
45
56
97
71
21
22
57
0
93
0
48
33
0
87
0
34
94
19
0
49
0
46
28
11
0
43
0
6
73
33
24
0
30
0
54
39
33
59
86
0
95
68
60
0
85
10
21
18
6
0
75
0
24
14
0
23
13
0
8
49
0
23
73
41
1
0
37
41
96
29
0
30
0
28
5
83
98
66
0
60
0
11
29
0
9
93
95
33
95
25
30
0
70
86
34
53
0
54
14
77
42
53
45
90
56
99
75
0
4
33
3
70
17
0
33
31
88
4
0
1
29
73
72
0
13
0
81
77
0
89
0
58
0
70
1
75
66
95
18
0
77
42
0
59
0
5
80
85
74
5
83
56
70
25
0
20
6
0
68
41
83
0
65
28
0
25
77
0
5
81
0
34
6
0
40
0
44
0
7
0
60
69
0
16
29
0
70
0
79
0
5
0
86
83
0
6
92
0
17
4
0
12
0
76
4
24
0
61
23
27
25
67
13
0
74
0
25
70
58
0
14
56
0
62
32
0
73
69
44
73
50
39
74
57
91
50
0
95
21
27
84
11
0
49
0
48
68
0
57
4
0
28
21
72
69
38
51
42
93
9
0
67
93
75
89
0
87
3
0
52
73
12
57
0
60
0
99
0
68
0
9
52
9
62
0
40
63
48
54
58
69
0
24
0
52
77
0
68
0
25
17
69
2
0
13
51
0
8
62
0
85
13
56
0
88
97
43
18
0
99
83
50
0
9
13
0
26
0
5
31
71
0
80
58
81
53
28
55
73
3
60
96
15
81
0
87
40
61
0
29
0
55
59
12
19
32
68
0
61
40
65
0
43
62
0
39
0
88
0
72
33
0
29
69
32
11
84
87
14
0
71
0
6
8
92
73
0
17
0
40
9
61
11
0
35
60
0
74
95
73
0
46
0
34
75
0
65
41
0
38
0
39
57
41
32
0
15
0
86
29
93
0
60
20
0
51
32
9
20
0
71
0
41
5
12
0
13
61
14
75
78
89
0
82
0
44
57
16
17
0
42
0
86
0
50
1
0
11
0
56
88
40
62
42
59
29
60
43
0
77
94
35
52
0
6
33
79
45
40
18
30
88
0
88
0
41
85
69
0
48
46
88
51
23
0
33
89
0
83
25
0
38
79
0
54
77
0
90
89
67
20
77
0
60
40
12
25
96
7
0
92
33
32
3
43
27
45
30
0
44
67
45
67
0
11
0
27
3
21
92
44
31
11
63
32
0
91
30
84
89
67
0
39
54
0
48
0
19
76
74
27
86
9
59
58
98
0
86
56
54
23
0
56
0
40
0
26
31
0
26
0
18
0
39
66
88
86
0
22
40
92
0
93
79
0
24
95
32
95
94
55
88
67
0
61
94
15
56
0
36
93
8
14
15
83
31
0
66
0
47
0
43
0
38
36
71
80
0
33
63
89
86
41
0
14
29
90
0
7
0
84
44
45
0
84
0
98
60
0
29
82
1
0
27
87
1
62
64
0
28
7
44
47
77
24
54
0
45
0
65
0
93
95
57
70
75
0
29
24
25
23
10
34
29
52
0
92
28
0
84
0
9
0
34
0
4
54
48
92
28
0
67
20
0
10
4
67
78
0
57
24
0
70
13
0
63
0
51
39
72
18
0
31
0
82
36
15
44
97
5
0
80
0
95
51
63
0
67
97
0
40
78
50
21
61
57
34
70
77
89
4
50
49
0
87
0
55
56
81
0
55
41
70
0
47
0
94
0
61
57
71
88
0
37
0
99
50
17
66
0
82
69
0
77
0
30
0
83
0
15
5
0
84
32
7
0
9
52
76
33
0
23
0
80
28
79
57
0
34
7
0
98
0
8
7
0
89
88
72
0
50
0
10
0
97
99
91
27
68
14
0
71
40
0
45
0
11
51
54
48
94
0
35
0
18
0
39
69
25
94
7
59
0
75
53
0
32
0
46
8
9
88
21
3
0
67
0
42
75
0
9
0
4
73
50
9
88
47
32
40
65
35
58
12
45
0
98
25
11
32
1
41
0
49
90
38
20
0
23
3
70
67
63
0
36
31
86
21
6
63
64
72
34
0
77
82
0
62
90
15
0
27
15
60
72
95
63
0
49
43
0
26
51
94
0
68
29
0
8
0
80
20
0
88
14
95
0
33
60
0
2
25
88
0
1
21
0
77
72
67
74
0
19
50
44
24
0
12
0
46
0
8
94
96
0
64
55
78
95
78
0
30
37
46
80
14
0
13
96
77
0
24
0
76
0
97
30
0
68
0
85
51
0
99
9
0
15
40
0
79
10
47
93
24
85
99
0
28
8
35
17
0
77
15
86
32
12
0
73
16
97
29
57
50
73
23
0
40
19
0
30
0
60
20
25
99
89
72
0
66
0
56
17
84
1
0
90
42
70
12
5
57
28
0
54
7
0
71
0
10
19
4
0
80
0
76
0
73
78
15
0
15
10
21
36
17
72
42
35
73
77
26
63
29
56
22
0
8
0
72
63
93
0
88
56
0
56
61
0
64
0
25
87
0
19
44
28
58
0
73
9
0
58
0
1
49
0
26
0
43
0
56
0
52
0
25
20
45
0
30
21
61
87
0
88
0
47
0
25
64
43
90
6
44
26
0
2
85
0
15
0
54
0
79
53
32
98
0
31
19
77
0
4
65
23
0
46
0
77
38
99
76
4
0
59
40
87
32
0
89
87
0
55
88
0
21
0
8
0
26
0
52
67
23
0
73
0
81
37
79
37
0
65
46
25
74
93
13
0
61
75
0
60
51
0
25
97
0
42
91
43
59
82
0
21
0
12
79
0
31
0
92
0
45
0
86
95
0
61
13
76
44
0
19
51
20
65
79
25
64
0
93
59
70
0
32
0
96
0
46
43
74
62
0
97
12
0
79
0
75
57
64
17
0
93
41
37
0
14
97
9
77
78
0
20
6
13
91
38
0
96
7
45
26
87
39
54
0
71
0
61
30
73
47
14
0
73
11
55
86
27
29
47
18
11
80
54
17
13
72
97
75
49
93
63
77
79
66
47
20
97
92
3
5
50
92
41
63
16
28
33
84
51
93
89
37
85
92
80
53
99
38
88
65
29
51
26
87
23
49
Password (Part 1): 1123
Clicked (Part 2): 6695
Execution time: 4.199542ms
